-1 0.353674 0.353227
-0.99 0.354649 0.354636
-0.98 0.354677 0.354983
-0.97 0.353703 0.354228
-0.96 0.351674 0.352332
-0.95 0.348541 0.34926
-0.94 0.344261 0.34498
-0.93 0.338791 0.339463
-0.92 0.332097 0.332684
-0.91 0.324146 0.324621
-0.9 0.314913 0.315257
-0.89 0.304375 0.30458
-0.88 0.292518 0.292581
-0.87 0.279331 0.279256
-0.86 0.26481 0.264606
-0.85 0.248957 0.248636
-0.84 0.231779 0.231359
-0.83 0.21329 0.21279
-0.82 0.19351 0.192951
-0.81 0.172465 0.171868
-0.8 0.150187 0.149573
-0.79 0.126713 0.126104
-0.78 0.102088 0.101504
-0.77 0.0763621 0.0758208
-0.76 0.0495904 0.0491083
-0.75 0.0218343 0.0214251
-0.74 -0.00683974 -0.00716481
-0.73 -0.0363599 -0.0365924
-0.72 -0.0666493 -0.0667838
-0.71 -0.0976267 -0.0976604
-0.7 -0.129206 -0.129139
-0.69 -0.161297 -0.161132
-0.68 -0.193806 -0.193549
-0.67 -0.226636 -0.226294
-0.66 -0.259685 -0.259268
-0.65 -0.292849 -0.292369
-0.64 -0.326024 -0.325492
-0.63 -0.3591 -0.35853
-0.62 -0.391966 -0.391374
-0.61 -0.424513 -0.423912
-0.6 -0.456626 -0.456032
-0.59 -0.488192 -0.487619
-0.58 -0.519099 -0.518561
-0.57 -0.549233 -0.548741
-0.56 -0.578481 -0.578048
-0.55 -0.606732 -0.606368
-0.54 -0.633876 -0.633588
-0.53 -0.659805 -0.659599
-0.52 -0.684412 -0.684293
-0.51 -0.707594 -0.707565
-0.5 -0.729252 -0.729313
-0.49 -0.749289 -0.749438
-0.48 -0.767613 -0.767846
-0.47 -0.784134 -0.784447
-0.46 -0.798771 -0.799156
-0.45 -0.811444 -0.811892
-0.44 -0.82208 -0.822582
-0.43 -0.830613 -0.831158
-0.42 -0.836982 -0.837558
-0.41 -0.841132 -0.841726
-0.4 -0.843017 -0.843616
-0.39 -0.842595 -0.843186
-0.38 -0.839833 -0.840405
-0.37 -0.834706 -0.835245
-0.36 -0.827196 -0.827692
-0.35 -0.817294 -0.817736
-0.34 -0.804998 -0.805376
-0.33 -0.790315 -0.790621
-0.32 -0.773259 -0.773486
-0.31 -0.753855 -0.753998
-0.3 -0.732133 -0.73219
-0.29 -0.708136 -0.708104
-0.28 -0.68191 -0.68179
-0.27 -0.653514 -0.653308
-0.26 -0.623014 -0.622724
-0.25 -0.590481 -0.590115
-0.24 -0.555998 -0.555561
-0.23 -0.519655 -0.519155
-0.22 -0.481546 -0.480993
-0.21 -0.441776 -0.441181
-0.2 -0.400455 -0.399829
-0.19 -0.357701 -0.357056
-0.18 -0.313635 -0.312983
-0.17 -0.268386 -0.26774
-0.16 -0.222087 -0.22146
-0.15 -0.174878 -0.17428
-0.14 -0.126899 -0.126344
-0.13 -0.078298 -0.077795
-0.12 -0.0292226 -0.0287821
-0.11 0.0201754 0.0205447
-0.1 0.0697427 0.0700334
-0.09 0.119324 0.119531
-0.08 0.168765 0.168883
-0.07 0.21791 0.217936
-0.06 0.266604 0.266538
-0.05 0.314693 0.314535
-0.04 0.362026 0.361778
-0.03 0.408453 0.40812
-0.02 0.453827 0.453415
-0.01 0.498005 0.497521
7.5287e-16 0.54085 0.540302
0.01 0.582226 0.581625
0.02 0.622005 0.621361
0.03 0.660063 0.659389
0.04 0.696285 0.695593
0.05 0.730559 0.729862
0.06 0.762783 0.762094
0.07 0.792861 0.792193
0.08 0.820705 0.82007
0.09 0.846235 0.845647
0.1 0.869381 0.86885
0.11 0.890079 0.889617
0.12 0.908277 0.907893
0.13 0.923928 0.923631
0.14 0.936999 0.936794
0.15 0.947461 0.947355
0.16 0.9553 0.955295
0.17 0.960505 0.960605
0.18 0.96308 0.963283
0.19 0.963034 0.963338
0.2 0.960387 0.960789
0.21 0.955168 0.955662
0.22 0.947413 0.947993
0.23 0.937168 0.937825
0.24 0.924487 0.92521
0.25 0.909432 0.910209
0.26 0.89207 0.89289
0.27 0.87248 0.873329
0.28 0.850744 0.851608
0.29 0.826952 0.827816
0.3 0.801199 0.80205
0.31 0.773588 0.77441
0.32 0.744224 0.745004
0.33 0.713219 0.713944
0.34 0.680689 0.681346
0.35 0.646753 0.647329
0.36 0.611534 0.61202
0.37 0.575157 0.575543
0.38 0.537749 0.538029
0.39 0.49944 0.499609
0.4 0.460362 0.460415
0.41 0.420645 0.420582
0.42 0.380421 0.380242
0.43 0.339823 0.33953
0.44 0.29898 0.298578
0.45 0.258024 0.25752
0.46 0.217082 0.216484
0.47 0.176281 0.175599
0.48 0.135745 0.134991
0.49 0.0955942 0.0947814
0.5 0.0559473 0.0550902
0.51 0.0169184 0.0160323
0.52 -0.0213824 -0.0222814
0.53 -0.0588491 -0.0597445
0.54 -0.0953802 -0.0962555
0.55 -0.130879 -0.131718
0.56 -0.165256 -0.166042
0.57 -0.198423 -0.199141
0.58 -0.230301 -0.230938
0.59 -0.260815 -0.261358
0.6 -0.289898 -0.290336
0.61 -0.317487 -0.317811
0.62 -0.343527 -0.343729
0.63 -0.367968 -0.368044
0.64 -0.390768 -0.390715
0.65 -0.411889 -0.411709
0.66 -0.431304 -0.430998
0.67 -0.448988 -0.448563
0.68 -0.464925 -0.464389
0.69 -0.479106 -0.478469
0.7 -0.491527 -0.490802
0.71 -0.50219 -0.501393
0.72 -0.511105 -0.510254
0.73 -0.518288 -0.517401
0.74 -0.523759 -0.522858
0.75 -0.527546 -0.526652
0.76 -0.529682 -0.528816
0.77 -0.530203 -0.52939
0.78 -0.529155 -0.528416
0.79 -0.526584 -0.52594
0.8 -0.522543 -0.522016
0.81 -0.517089 -0.516696
0.82 -0.510283 -0.51004
0.83 -0.50219 -0.50211
0.84 -0.492879 -0.49297
0.85 -0.482419 -0.482687
0.86 -0.470885 -0.471329
0.87 -0.458352 -0.458968
0.88 -0.444901 -0.445675
0.89 -0.430609 -0.431524
0.9 -0.415558 -0.41659
0.91 -0.399831 -0.400947
0.92 -0.38351 -0.38467
0.93 -0.366677 -0.367834
0.94 -0.349417 -0.350513
0.95 -0.33181 -0.332782
0.96 -0.313939 -0.314712
0.97 -0.295884 -0.296376
0.98 -0.277724 -0.277843
0.99 -0.259537 -0.259183
