1.00000000e-01 1.90425306e-04
5.00000000e-02 1.90425306e-04
2.50000000e-02 1.90425306e-04
1.25000000e-02 1.90425306e-04
6.25000000e-03 1.90425306e-04
3.12500000e-03 1.69630810e-05
1.56250000e-03 2.91655375e-05
7.81250000e-04 2.91655375e-05
3.90625000e-04 3.10682681e-05
1.95312500e-04 3.19010572e-05
9.76562500e-05 4.29557691e-07
4.88281250e-05 8.59782973e-08
2.44140625e-05 1.01126442e-07
1.22070313e-05 2.53683868e-08
6.10351563e-06 2.98544107e-08
3.05175781e-06 2.76378760e-08
1.52587891e-06 1.81548021e-09
7.62939453e-07 1.17306920e-09
3.81469727e-07 1.02054210e-09
1.90734863e-07 9.90931781e-11
9.53674316e-08 3.84227095e-11
4.76837158e-08 3.36248807e-11
2.38418579e-08 2.95008462e-11
1.19209290e-08 2.18658425e-12
