-4.5 -1
-4.45 -1
-4.4 -1
-4.35 -1
-4.3 -1
-4.25 -1
-4.2 -1
-4.15 -1
-4.1 -1
-4.05 -1
-4 -1
-3.95 -1
-3.9 -1
-3.85 -1
-3.8 -1
-3.75 -1
-3.7 -1
-3.65 -1
-3.6 -1
-3.55 -1
-3.5 -1
-3.45 -1
-3.4 -1
-3.35 -1
-3.3 -1
-3.25 -1
-3.2 -1
-3.15 -1
-3.1 -1
-3.05 -1
-3 -1
-2.95 -1
-2.9 -1
-2.85 -1
-2.8 -1
-2.75 -1
-2.7 -1
-2.65 -1
-2.6 -1
-2.55 -1
-2.5 -1
-2.45 -1
-2.4 -1
-2.35 -1
-2.3 -1
-2.25 -1
-2.2 -1
-2.15 -1
-2.1 -1
-2.05 -1
-2 -1
-1.95 -1
-1.9 -1
-1.85 -1
-1.8 -1
-1.75 -1
-1.7 -1
-1.65 -1
-1.6 -1
-1.55 -1
-1.5 -1
-1.45 -1
-1.4 -1
-1.35 -1
-1.3 -1
-1.25 -1
-1.2 -1
-1.15 -1
-1.1 -1
-1.05 -1
-1 -1
-0.95 -0.996313
-0.9 -0.9855
-0.85 -0.967938
-0.8 -0.944
-0.75 -0.914063
-0.7 -0.8785
-0.65 -0.837688
-0.6 -0.792
-0.55 -0.741813
-0.5 -0.6875
-0.45 -0.629438
-0.4 -0.568
-0.35 -0.503563
-0.3 -0.4365
-0.25 -0.367188
-0.2 -0.296
-0.15 -0.223313
-0.1 -0.1495
-0.05 -0.0749375
-7.61891e-15 -1.15463e-14
0.05 0.0749375
0.1 0.1495
0.15 0.223312
0.2 0.296
0.25 0.367187
0.3 0.4365
0.35 0.503562
0.4 0.568
0.45 0.629437
0.5 0.6875
0.55 0.741812
0.6 0.792
0.65 0.837687
0.7 0.8785
0.75 0.914062
0.8 0.944
0.85 0.967937
0.9 0.9855
0.95 0.996312
1 1
1.05 1
1.1 1
1.15 1
1.2 1
1.25 1
1.3 1
1.35 1
1.4 1
1.45 1
1.5 1
1.55 1
1.6 1
1.65 1
1.7 1
1.75 1
1.8 1
1.85 1
1.9 1
1.95 1
2 1
2.05 1
2.1 1
2.15 1
2.2 1
2.25 1
2.3 1
2.35 1
2.4 1
2.45 1
2.5 1
2.55 1
2.6 1
2.65 1
2.7 1
2.75 1
2.8 1
2.85 1
2.9 1
2.95 1
3 1
3.05 1
3.1 1
3.15 1
3.2 1
3.25 1
3.3 1
3.35 1
3.4 1
3.45 1
3.5 1
3.55 1
3.6 1
3.65 1
3.7 1
3.75 1
3.8 1
3.85 1
3.9 1
3.95 1
4 1
4.05 1
4.1 1
4.15 1
4.2 1
4.25 1
4.3 1
4.35 1
4.4 1
4.45 1
4.5 1
