sqrt(2) = 1.41421
2^(1/5) = 1.1487
e^pi = 23.1407
e^i = (0.540302,0.841471)
pi^e = 22.4592
pi^i = (0.413292,0.910598)
i^i = (0.20788,0)
log(I) = (0,1.5708)
Gamma(1) = 1
Gamma(2) = 1
Gamma(3) = 2
Gamma(4) = 6
Gamma(5) = 24
Gamma(6) = 120
Gamma(7) = 720
Gamma(8) = 5040
Gamma(9) = 40320
Gamma(10) = 362880
