0 3.04159 0
0.125 3.03769 -0.0614226
0.247249 3.02642 -0.124283
0.349962 3.01079 -0.182647
0.434842 2.9931 -0.23684
0.51033 2.97328 -0.291062
0.576674 2.95229 -0.344537
0.635495 2.93054 -0.397368
0.688384 2.9082 -0.449893
0.736582 2.88531 -0.502443
0.783179 2.86065 -0.557973
0.825233 2.83609 -0.612496
0.86587 2.81008 -0.669515
0.904779 2.78293 -0.728436
0.941867 2.75483 -0.788846
0.977174 2.72592 -0.850478
1.01081 2.6963 -0.913167
1.0429 2.666 -0.97683
1.07361 2.63504 -1.04143
1.10308 2.60341 -1.10698
1.13144 2.57109 -1.1735
1.15884 2.53804 -1.24104
1.18537 2.50422 -1.30967
1.21115 2.46958 -1.37946
1.23628 2.43404 -1.45048
1.26084 2.39754 -1.52284
1.28493 2.35998 -1.59664
1.30863 2.32127 -1.672
1.33201 2.2813 -1.74904
1.35515 2.23993 -1.82791
1.37813 2.197 -1.90879
1.40103 2.15235 -1.99186
1.42394 2.10574 -2.07735
1.44695 2.05694 -2.1655
1.47016 2.00564 -2.25661
1.49369 1.95145 -2.35101
1.51765 1.89395 -2.44909
1.5422 1.83258 -2.55126
1.56749 1.76672 -2.65793
1.59368 1.69565 -2.76942
1.62089 1.61873 -2.8857
1.64908 1.53567 -3.0059
1.67796 1.44709 -3.12771
1.70686 1.35497 -3.2471
1.73333 1.26757 -3.35322
1.75739 1.18575 -3.44604
1.7793 1.10935 -3.52684
1.80045 1.03395 -3.60086
1.81944 0.964952 -3.6635
1.83777 0.897271 -3.72012
1.85532 0.831519 -3.77045
1.87209 0.767912 -3.81468
1.88812 0.70643 -3.8532
1.9035 0.646931 -3.88647
1.91829 0.589224 -3.9149
1.93257 0.533107 -3.93889
1.94643 0.478385 -3.95878
1.95991 0.42488 -3.97483
1.97308 0.372436 -3.98729
1.98599 0.320915 -3.99633
1.99867 0.270197 -4.00212
2.01116 0.220177 -4.00478
2.0235 0.170765 -4.0044
2.03571 0.121879 -4.00108
2.04782 0.0734476 -3.99488
2.05986 0.0254072 -3.98584
2.07184 -0.0223007 -3.97401
2.0838 -0.0697292 -3.9594
2.09574 -0.116928 -3.94203
2.10769 -0.163942 -3.92191
2.11968 -0.210815 -3.89902
2.13171 -0.25759 -3.87336
2.14382 -0.304305 -3.8449
2.15601 -0.351001 -3.8136
2.16831 -0.397716 -3.77942
2.18075 -0.444487 -3.74231
2.19333 -0.491355 -3.70219
2.2061 -0.538356 -3.659
2.21908 -0.58553 -3.61264
2.23228 -0.632917 -3.563
2.24575 -0.680557 -3.50997
2.25951 -0.728491 -3.4534
2.27361 -0.77676 -3.39313
2.28808 -0.825405 -3.329
2.30297 -0.874463 -3.26081
2.31832 -0.923969 -3.18834
2.33419 -0.973951 -3.11135
2.35062 -1.02442 -3.02961
2.36768 -1.07538 -2.94287
2.38542 -1.12677 -2.85092
2.40388 -1.17851 -2.75361
2.42309 -1.23044 -2.65092
2.44306 -1.28229 -2.54302
2.46373 -1.33369 -2.43035
2.48501 -1.38417 -2.3137
2.50675 -1.43318 -2.19415
2.52877 -1.48016 -2.073
2.55088 -1.52466 -1.95157
2.57291 -1.56632 -1.83103
2.59474 -1.60498 -1.71225
2.61628 -1.6406 -1.5958
2.63749 -1.67325 -1.48196
2.65838 -1.70304 -1.37079
2.67897 -1.73014 -1.26216
2.6993 -1.75471 -1.15589
2.71941 -1.7769 -1.05172
2.73935 -1.79685 -0.94937
2.75916 -1.81466 -0.848564
2.77891 -1.83042 -0.749032
2.79862 -1.84421 -0.650522
2.81834 -1.85607 -0.552796
2.8381 -1.86603 -0.455636
2.85794 -1.87411 -0.358844
2.87788 -1.8803 -0.26224
2.89795 -1.88459 -0.165664
2.91817 -1.88696 -0.0689743
2.93855 -1.88737 0.0279521
2.9591 -1.8858 0.12522
2.97983 -1.88219 0.222915
3.00075 -1.8765 0.321105
3.02184 -1.86868 0.419845
3.04312 -1.85869 0.519174
3.06456 -1.84648 0.619118
3.08618 -1.83201 0.719698
3.10796 -1.81523 0.820929
3.1299 -1.7961 0.922823
3.152 -1.77457 1.02539
3.17426 -1.7506 1.12864
3.19669 -1.72412 1.23258
3.21928 -1.69509 1.33721
3.24206 -1.66343 1.44251
3.26503 -1.62908 1.54842
3.28818 -1.59199 1.65484
3.31152 -1.55212 1.76158
3.33503 -1.50945 1.86834
3.35865 -1.46406 1.97468
3.38231 -1.41608 2.08001
3.40592 -1.36575 2.18356
3.42933 -1.31344 2.28442
3.45239 -1.25963 2.38167
3.47495 -1.20482 2.47441
3.49689 -1.14957 2.56192
3.5181 -1.09434 2.64368
3.53853 -1.03955 2.71944
3.55815 -0.98549 2.78917
3.57699 -0.932344 2.85298
3.59507 -0.880219 2.91113
3.61245 -0.829154 2.96393
3.62918 -0.77914 3.01171
3.64533 -0.730135 3.05479
3.66096 -0.682083 3.09348
3.67612 -0.634915 3.12808
3.69086 -0.588564 3.15883
3.70523 -0.542959 3.18596
3.71928 -0.498037 3.20966
3.73303 -0.453737 3.2301
3.74653 -0.410002 3.24742
3.75981 -0.366782 3.26176
3.77289 -0.324029 3.27322
3.7858 -0.281702 3.28189
3.79857 -0.239761 3.28786
3.81121 -0.198172 3.2912
3.82375 -0.156903 3.29195
3.83619 -0.115923 3.29017
3.84858 -0.0752058 3.2859
3.86091 -0.0347264 3.27916
3.8732 0.0055386 3.26999
3.88547 0.0456108 3.2584
3.89774 0.0855103 3.24441
3.91002 0.125256 3.22801
3.92233 0.164866 3.20921
3.93467 0.204356 3.188
3.94707 0.243742 3.16438
3.95954 0.283039 3.13832
3.97209 0.32226 3.1098
3.98474 0.361419 3.0788
3.99751 0.400526 3.04528
4.01041 0.439593 3.0092
4.02347 0.478629 2.97051
4.03669 0.517641 2.92916
4.0501 0.556637 2.88509
4.06372 0.595621 2.83823
4.07757 0.634595 2.78852
4.09167 0.673557 2.73586
4.10605 0.712502 2.68019
4.12073 0.751421 2.62139
4.13574 0.790298 2.55939
4.15109 0.829106 2.49407
4.16683 0.867813 2.42536
4.18296 0.90637 2.35317
4.19952 0.944715 2.27742
4.21652 0.982763 2.19808
4.23397 1.02041 2.11514
4.25188 1.05752 2.02866
4.27024 1.09394 1.93878
4.28902 1.12949 1.84569
4.30818 1.16394 1.74974
4.32767 1.19708 1.65132
4.34742 1.2287 1.55094
4.36733 1.25858 1.44915
4.38734 1.28655 1.34652
4.40736 1.31247 1.24359
4.42732 1.33627 1.14083
4.44717 1.3579 1.03865
4.46686 1.37736 0.93732
4.48638 1.39468 0.837051
4.50571 1.4099 0.737951
4.52486 1.42309 0.640061
4.54383 1.43431 0.543367
4.56263 1.44363 0.447816
4.5813 1.4511 0.353326
4.59984 1.45679 0.259799
4.6183 1.46073 0.167126
4.63668 1.46295 0.0751952
4.65502 1.46349 -0.0161051
4.67334 1.46236 -0.106882
4.69166 1.45957 -0.197236
4.71 1.45513 -0.287258
4.72839 1.44902 -0.377029
4.74684 1.44123 -0.466618
4.76537 1.43175 -0.556078
4.784 1.42056 -0.645447
4.80273 1.40763 -0.734743
4.82158 1.39294 -0.823963
4.84056 1.37645 -0.913077
4.85965 1.35816 -1.00203
4.87887 1.33805 -1.09073
4.8982 1.31611 -1.17905
4.91763 1.29234 -1.26683
4.93714 1.26678 -1.35387
4.95669 1.23946 -1.43991
4.97625 1.21046 -1.52469
4.99577 1.17987 -1.60789
5.01522 1.1478 -1.68918
5.03454 1.1144 -1.76824
5.05367 1.07983 -1.84475
5.07257 1.04426 -1.9184
5.0912 1.00786 -1.98897
5.10951 0.970812 -2.05624
5.12748 0.933273 -2.12007
5.14509 0.895393 -2.18037
5.16234 0.857299 -2.23711
5.17921 0.819102 -2.29028
5.19571 0.78089 -2.33992
5.21185 0.742736 -2.38611
5.22765 0.704694 -2.42891
5.24312 0.666804 -2.46843
5.25828 0.629098 -2.50476
5.27315 0.591593 -2.53801
5.28775 0.554304 -2.56827
5.3021 0.517235 -2.59565
5.31623 0.480391 -2.62023
5.33014 0.443768 -2.6421
5.34387 0.407365 -2.66133
5.35742 0.371176 -2.67801
5.37082 0.335194 -2.69218
5.38408 0.299413 -2.70393
5.39721 0.263825 -2.71328
5.41024 0.228423 -2.72031
5.42318 0.193199 -2.72504
5.43603 0.158145 -2.72751
5.44882 0.123256 -2.72775
5.46156 0.0885225 -2.7258
5.47425 0.0539394 -2.72167
5.48692 0.0195001 -2.71538
5.49957 -0.0148009 -2.70695
5.51221 -0.048969 -2.6964
5.52486 -0.0830088 -2.68371
5.53753 -0.116924 -2.66891
5.55023 -0.150719 -2.65198
5.56297 -0.184397 -2.63293
5.57577 -0.217958 -2.61176
5.58863 -0.251406 -2.58844
5.60157 -0.28474 -2.56296
5.6146 -0.31796 -2.53531
5.62773 -0.351064 -2.50548
5.64098 -0.38405 -2.47342
5.65436 -0.416913 -2.43912
5.66788 -0.449648 -2.40255
5.68155 -0.482246 -2.36367
5.6954 -0.514699 -2.32245
5.70943 -0.546993 -2.27884
5.72367 -0.579113 -2.23281
5.73812 -0.61104 -2.18431
5.75281 -0.642751 -2.13329
5.76774 -0.674218 -2.07972
5.78294 -0.705407 -2.02354
5.79842 -0.736279 -1.96473
5.81419 -0.766787 -1.90325
5.83027 -0.796873 -1.83909
5.84666 -0.826472 -1.77222
5.86337 -0.85551 -1.70268
5.8804 -0.883899 -1.63049
5.89775 -0.911541 -1.55574
5.9154 -0.93833 -1.47854
5.93334 -0.96415 -1.39903
5.95154 -0.988878 -1.31742
5.96998 -1.01239 -1.23394
5.98859 -1.03458 -1.14889
6.00735 -1.05532 -1.06257
6.0262 -1.07453 -0.975315
6.04509 -1.09212 -0.887446
6.06398 -1.10805 -0.799278
6.08282 -1.12229 -0.711092
6.10159 -1.13481 -0.623131
6.12026 -1.14562 -0.535592
6.13881 -1.15475 -0.448622
6.15723 -1.16222 -0.362328
6.17553 -1.16807 -0.276774
6.19372 -1.17233 -0.191989
6.21179 -1.17504 -0.107978
6.22976 -1.17623 -0.0247239
6.24765 -1.17593 0.0578013
6.26548 -1.17417 0.139633
6.28327 -1.17096 0.220809
6.30102 -1.16633 0.301361
6.31877 -1.16027 0.381314
6.33651 -1.15279 0.460683
6.35427 -1.14391 0.539466
6.37206 -1.13362 0.617647
6.38987 -1.12192 0.695189
6.4077 -1.10883 0.772035
6.42557 -1.09436 0.84811
6.44346 -1.07851 0.923316
6.46136 -1.06131 0.997537
6.47926 -1.0428 1.07064
6.49714 -1.02301 1.14248
6.51497 -1.002 1.21289
6.53275 -0.979817 1.28171
6.55044 -0.956542 1.34878
6.56803 -0.932248 1.41395
6.58547 -0.907019 1.47705
6.60277 -0.88094 1.53795
6.61989 -0.854102 1.59655
6.63682 -0.826591 1.65273
6.65354 -0.798494 1.70643
6.67005 -0.769893 1.75759
6.68634 -0.740864 1.80617
6.7024 -0.711477 1.85216
6.71823 -0.681796 1.89556
6.73385 -0.651876 1.93637
6.74924 -0.621769 1.97462
6.76442 -0.591517 2.01033
6.77939 -0.561157 2.04355
6.79417 -0.530723 2.07432
6.80876 -0.500241 2.10267
6.82318 -0.469734 2.12865
6.83743 -0.439223 2.15231
6.85153 -0.408724 2.17369
6.86548 -0.37825 2.19282
6.8793 -0.347813 2.20976
6.89301 -0.317423 2.22454
6.9066 -0.287088 2.23719
6.9201 -0.256815 2.24776
6.93351 -0.22661 2.25626
6.94684 -0.196477 2.26272
6.96011 -0.166421 2.26718
6.97332 -0.136446 2.26965
6.98649 -0.106555 2.27016
6.99962 -0.0767524 2.26872
7.01272 -0.04704 2.26534
7.02581 -0.0174212 2.26004
7.03889 0.0121008 2.25283
7.05197 0.0415229 2.24372
7.06507 0.0708417 2.23271
7.07819 0.100053 2.21981
7.09134 0.129154 2.20501
7.10453 0.15814 2.18832
7.11777 0.187004 2.16973
7.13108 0.215743 2.14924
7.14446 0.244349 2.12683
7.15791 0.272816 2.1025
7.17147 0.301135 2.07623
7.18512 0.329297 2.04802
7.19889 0.357292 2.01785
7.21278 0.385107 1.98569
7.22681 0.41273 1.95153
7.24098 0.440144 1.91535
7.25532 0.467334 1.87713
7.26983 0.494278 1.83684
7.28452 0.520954 1.79446
7.2994 0.547338 1.74996
7.31449 0.5734 1.70333
7.3298 0.599107 1.65455
7.34533 0.624423 1.60359
7.36111 0.649306 1.55045
7.37713 0.67371 1.49512
7.39341 0.697582 1.43761
7.40994 0.720865 1.37794
7.42674 0.743495 1.31612
7.4438 0.765403 1.25222
7.46111 0.786513 1.1863
7.47866 0.806749 1.11847
7.49645 0.826026 1.04883
7.51444 0.844264 0.977535
7.53263 0.86138 0.904766
7.55097 0.877297 0.83072
7.56943 0.891944 0.755613
7.58798 0.905261 0.679678
7.60659 0.917198 0.603149
7.62522 0.927718 0.526258
7.64384 0.9368 0.44922
7.66242 0.944432 0.372235
7.68094 0.950615 0.295474
7.69939 0.955361 0.219082
7.71775 0.958687 0.143176
7.73602 0.960614 0.0678453
7.75421 0.961167 -0.00684086
7.77231 0.960372 -0.0808324
7.79033 0.958254 -0.154091
7.80827 0.954836 -0.226587
7.82616 0.95014 -0.298292
7.84398 0.944188 -0.369176
7.86176 0.937 -0.439205
7.87949 0.928596 -0.508335
7.89718 0.918999 -0.576515
7.91482 0.908231 -0.643684
7.93242 0.896318 -0.70977
7.94997 0.88329 -0.774693
7.96746 0.86918 -0.838366
7.98488 0.854027 -0.900697
8.00222 0.837873 -0.96159
8.01947 0.820764 -1.02095
8.03663 0.802751 -1.07868
8.05367 0.783888 -1.1347
8.07058 0.764229 -1.18892
8.08736 0.743834 -1.24128
8.104 0.722758 -1.29169
8.12048 0.701061 -1.34013
8.13681 0.678798 -1.38652
8.15297 0.656025 -1.43086
8.16896 0.632792 -1.47311
8.18479 0.60915 -1.51326
8.20046 0.585144 -1.5513
8.21595 0.560817 -1.58724
8.23129 0.53621 -1.62108
8.24647 0.511357 -1.65283
8.26149 0.486293 -1.68251
8.27637 0.461047 -1.71014
8.29111 0.435646 -1.73574
8.30572 0.410114 -1.75934
8.3202 0.384475 -1.78095
8.33456 0.358747 -1.8006
8.34882 0.33295 -1.81831
8.36297 0.307098 -1.83412
8.37703 0.281208 -1.84803
8.391 0.255293 -1.86007
8.4049 0.229364 -1.87027
8.41873 0.203434 -1.87863
8.4325 0.177512 -1.88519
8.44622 0.15161 -1.88995
8.4599 0.125735 -1.89294
8.47354 0.0998961 -1.89416
8.48716 0.0741024 -1.89363
8.50075 0.0483617 -1.89135
8.51434 0.0226817 -1.88734
8.52793 -0.00292981 -1.88161
8.54152 -0.028465 -1.87416
8.55514 -0.0539162 -1.86499
8.56877 -0.0792753 -1.85411
8.58244 -0.104534 -1.84152
8.59614 -0.129684 -1.82723
8.6099 -0.154717 -1.81121
8.62372 -0.179623 -1.79349
8.6376 -0.204392 -1.77405
8.65156 -0.229014 -1.75288
8.6656 -0.253477 -1.72998
8.67974 -0.277769 -1.70535
8.69398 -0.301877 -1.67896
8.70834 -0.325787 -1.65081
8.72282 -0.349482 -1.6209
8.73744 -0.372947 -1.5892
8.7522 -0.396161 -1.5557
8.76711 -0.419105 -1.52039
8.78219 -0.441757 -1.48326
8.79745 -0.464091 -1.44429
8.81289 -0.48608 -1.40347
8.82852 -0.507694 -1.36079
8.84436 -0.528901 -1.31624
8.86041 -0.549663 -1.26982
8.87669 -0.569943 -1.22153
8.89319 -0.589695 -1.17136
8.90993 -0.608873 -1.11934
8.92691 -0.627426 -1.06549
8.94413 -0.645299 -1.00983
8.96159 -0.662434 -0.952431
8.97929 -0.678769 -0.893345
8.99721 -0.69424 -0.832658
9.01535 -0.708782 -0.770474
9.03369 -0.722331 -0.706917
9.0522 -0.734823 -0.642134
9.07087 -0.7462 -0.576288
9.08967 -0.756407 -0.509564
9.10856 -0.765399 -0.442153
9.12752 -0.773139 -0.374259
9.14651 -0.7796 -0.306081
9.16551 -0.784767 -0.237816
9.18449 -0.788633 -0.169648
9.20342 -0.791202 -0.101744
9.22229 -0.792484 -0.0342557
9.24109 -0.792498 0.0326872
9.25979 -0.791264 0.0989709
9.27841 -0.78881 0.164498
9.29693 -0.785163 0.229182
9.31535 -0.780351 0.292948
9.33367 -0.774407 0.355724
9.35188 -0.767362 0.417444
9.37 -0.759248 0.478043
9.388 -0.750101 0.537454
9.4059 -0.739957 0.595612
9.42369 -0.728853 0.652453
9.44136 -0.716829 0.707913
9.45891 -0.703926 0.761928
9.47634 -0.690187 0.81444
9.49363 -0.675656 0.865391
9.51079 -0.660378 0.91473
9.52781 -0.644399 0.96241
9.54468 -0.627764 1.00839
9.56141 -0.610518 1.05264
9.578 -0.592706 1.09512
9.59443 -0.57437 1.13582
9.61071 -0.555552 1.17471
9.62685 -0.536294 1.2118
9.64284 -0.516632 1.24706
9.65868 -0.496603 1.2805
9.67438 -0.476241 1.31212
9.68995 -0.455579 1.34193
9.70538 -0.434646 1.36993
9.72069 -0.413471 1.39613
9.73587 -0.392079 1.42055
9.75094 -0.370496 1.4432
9.7659 -0.348743 1.46409
9.78076 -0.326842 1.48324
9.79552 -0.304812 1.50066
9.81019 -0.282672 1.51637
9.82479 -0.260438 1.53039
9.8393 -0.238126 1.54272
9.85375 -0.215752 1.55338
9.86814 -0.19333 1.56239
9.88248 -0.170872 1.56976
9.89677 -0.148391 1.5755
9.91102 -0.125899 1.57962
9.92525 -0.103408 1.58214
9.93945 -0.0809293 1.58305
9.95363 -0.058473 1.58238
9.96781 -0.0360498 1.58012
9.98198 -0.0136703 1.57629
9.99617 0.00865528 1.57088
10 0.0146699 1.56916
